16
17
19
17
18
18
18
17
18
20
18
19
17
18
18
17
18
18
19
19
17
16
19
16
20
19
18
17
19
18
16
19
17
18
19
18
18
17
18
18
18
17
18
19
18
20
21
19
18
18
20
17
18
18
20
19
20
19
18
18
18
18
16
19
20
18
18
15
19
20
15
18
18
17
17
20
19
20
17
19
17
19
18
21
21
18
19
20
21
18
17
21
19
15
18
19
18
18
21
19
20
21
19
21
19
17
20
18
22
19
20
19
19
19
19
18
19
19
18
21
19
19
22
16
19
18
18
18
20
20
19
17
18
18
20
19
18
18
19
18
18
20
17
19
17
21
19
19
19
18
18
17
20
22
17
17
18
18
18
18
16
19
17
19
19
18
17
19
18
17
19
19
18
20
19
18
19
18
19
18
19
18
19
